725  0.0134 
730  0.0186 
735  0.0238 
740  0.02548 
745  0.02716 
750  0.0279 
755  0.02765 
760  0.02682 
765  0.02586 
770  0.02492 
775  0.02405 
780  0.02317 
785  0.02238 
790  0.02162 
795  0.02088 
800  0.02025 
805  0.01963 
810  0.01927 
815  0.01933 
820  0.0199 
825  0.02409 
830  0.02828 
835  0.03193 
840  0.03475 
845  0.03757 
850  0.03952 
855  0.04089 
860  0.04225 
865  0.04436 
870  0.04696 
875  0.04956 
880  0.05253 
885  0.05575 
890  0.05897 
895  0.06266 
900  0.06707 
905  0.07147 
910  0.07759 
915  0.09053 
920  0.1035 
925  0.1164 
930  0.1363 
935  0.158 
940  0.193 
945  0.238 
950  0.298 
955  0.3667 
960  0.4412 
965  0.4827 
970  0.5023 
975  0.5106 
980  0.502 
985  0.4855 
990  0.469 
995  0.4425 
1000  0.416 
1005  0.3835 
1010  0.351 
1015  0.318 
1020  0.285 
1025  0.2605 
1030  0.2359 
1035  0.2161 
1040  0.1975 
1045  0.1829 
1050  0.1711 
1055  0.1621 
1060  0.1574 
1065  0.1527 
1070  0.148 
1075  0.1533 
1080  0.1586 
1085  0.1639 
1090  0.1725 
1095  0.1833 
1100  0.1953 
1105  0.212 
1110  0.2287 
1115  0.26 
1120  0.295 
1125  0.3418 
1130  0.4355 
1135  0.5293 
1140  0.6778 
1145  0.8402 
1150  0.985 
1155  1.06 
1160  1.135 
1165  1.188 
1170  1.207 
1175  1.226 
1180  1.236 
1185  1.243 
1190  1.25 
1195  1.25 
1200  1.25 
1205  1.25 
1210  1.24 
1215  1.23 
1220  1.22 
1225  1.203 
1230  1.187 
1235  1.17 
1240  1.15 
1245  1.13 
1250  1.11 
1255  1.098 
1260  1.085 
1265  1.073 
1270  1.085 
1275  1.104 
1280  1.122 
1285  1.167 
1290  1.229 
1295  1.291 
1300  1.359 
1305  1.456 
1310  1.554 
1315  1.651 
1320  1.806 
1325  1.977 
1330  2.148 
1335  2.43 
1340  2.88 
1345  3.33 
1350  3.78 
1355  4.203 
1360  4.618 
1365  5.034 
1370  5.45 
1375  6.418 
1380  7.387 
1385  8.355 
1390  9.781 
1395  13.04 
1400  16.29 
1405  19.55 
1410  22.4 
1415  24.67 
1420  26.93 
1425  29.19 
1430  31.05 
1435  31.3 
1440  31.55 
1445  31.47 
1450  30.9 
1455  30.33 
1460  29.76 
1465  29.19 
1470  28.61 
1475  27.26 
1480  25.72 
1485  24.17 
1490  22.63 
1495  21.15 
1500  19.76 
1505  18.37 
1510  16.99 
1515  15.6 
1520  14.84 
1525  14.08 
1530  13.32 
1535  12.56 
1540  11.91 
1545  11.42 
1550  10.94 
1555  10.45 
1560  9.97 
1565  9.546 
1570  9.21 
1575  8.875 
1580  8.54 
1585  8.204 
1590  7.923 
1595  7.679 
1600  7.435 
1605  7.191 
1610  6.947 
1615  6.744 
1620  6.603 
1625  6.463 
1630  6.323 
1635  6.182 
1640  6.055 
1645  5.98 
1650  5.905 
1655  5.83 
1660  5.755 
1665  5.68 
1670  5.65 
1675  5.65 
1680  5.65 
1685  5.65 
1690  5.65 
1695  5.65 
1700  5.75 
1705  5.85 
1710  5.95 
1715  6.05 
1720  6.15 
1725  6.276 
1730  6.504 
1735  6.732 
1740  6.961 
1745  7.189 
1750  7.417 
1755  7.649 
1760  7.896 
1765  8.143 
1770  8.39 
1775  8.637 
1780  8.884 
1785  9.131 
1790  9.255 
1795  9.349 
1800  9.442 
1805  9.473 
1810  9.46 
1815  9.447 
1820  9.52 
1825  9.72 
1830  9.92 
1835  10.12 
1840  10.32 
1845  10.52 
1850  10.72 
1855  14.8 
1860  21.47 
1865  28.15 
1870  34.82 
1875  41.49 
1880  48.16 
1885  54.83 
1890  62.49 
1895  70.8 
1900  79.11 
1905  87.43 
1910  95.74 
1915  104.1 
1920  112.4 
1925  120.7 
1930  122.7 
1935  120.5 
1940  118.3 
1945  116.1 
1950  113.9 
1955  111.6 
1960  109.4 
1965  104.9 
1970  99.82 
1975  94.71 
1980  89.61 
1985  84.51 
1990  79.41 
1995  74.3 
2000  69.2 
2005  66.25 
2010  63.3 
2015  60.35 
2020  57.4 
2025  54.44 
2030  51.49 
2035  48.54 
2040  45.59 
2045  43.67 
2050   42 
2055  40.33 
2060  38.67 
2065   37 
2070  35.33 
2075  33.67 
2080   32 
2085  30.67 
2090  29.85 
2095  29.03 
2100  28.2 
2105  27.38 
2110  26.56 
2115  25.74 
2120  24.92 
2125  24.09 
2130  23.48 
2135  23.17 
2140  22.86 
2145  22.56 
2150  22.25 
2155  21.94 
2160  21.63 
2165  21.33 
2170  21.02 
2175  20.71 
2180  20.41 
2185  20.1 
2190  19.79 
2195  19.48 
2200  19.4 
2205  19.65 
2210  19.89 
2215  20.14 
2220  20.39 
2225  20.63 
2230  20.88 
2235  21.13 
2240  21.37 
2245  21.62 
2250  21.87 
2255  22.11 
2260  22.36 
2265  22.61 
2270  22.85 
2275  23.24 
2280  23.83 
2285  24.43 
2290  25.02 
2295  25.62 
2300  26.21 
2305  26.8 
2310  27.4 
2315  27.99 
2320  28.59 
2325  29.18 
2330  30.21 
2335  31.35 
2340  32.48 
2345  33.62 
2350  34.75 
2355  35.89 
2360  37.03 
2365  38.16 
2370  39.3 
2375  40.44 
2380  41.57 
2385  43.3 
2390  45.17 
2395  47.04 
2400  48.91 
2405  50.78 
2410  52.65 
2415  54.52 
2420  56.39 
2425  58.26 
2430  60.13 
2435   62 
2440  64.03 
2445  66.67 
2450  69.31 
2455  71.95 
2460  74.59 
2465  77.22 
2470  79.86 
2475  82.5 
2480  85.14 
2485  87.78 
2490  90.42 
2495  93.06 
2500  95.7 
